id,scenarioname,periodname,suppliername,productname,suppliedquantity,suppliedquantityuom,suppliedvolume,suppliedvolumeuom,suppliedweight,suppliedweightuom,supplycapacity,supplycapacityuom,supplyutilization,latitude,longitude
